1 3417.0 0.247483160716
2 2065.0 0.14956181647
3 994.0 0.0719924675889
4 982.0 0.0711233432317
5 2577.0 0.186644455711
6 343.0 0.0248424712103
7 110.0 0.00796697327443
8 1193.0 0.0864054465126
9 45.0 0.00325921633954
10 4175.0 0.302382849279
11 2756.0 0.199608894039
12 9991.0 0.723618454407
13 3369.0 0.244006663287
14 2884.0 0.208879553849
15 3536.0 0.256101977258
16 3677.0 0.266314188455
17 13601.0 0.985080031868
18 9558.0 0.692257550518
19 9769.0 0.707539653799
20 12517.0 0.9065691316
21 1296.0 0.0938654305787
22 3989.0 0.288911421743
23 549.0 0.0397624393424
24 13.0 0.000941551386978
25 466.0 0.0337509958717
26 137.0 0.00992250307815
27 3555.0 0.257478090823
28 758.0 0.0548996885638
29 302.0 0.0218729629898
30 77.0 0.0055768812921
31 1098.0 0.0795248786847
32 1.0 7.24270297675e-05
33 365.0 0.0264358658651
34 152.0 0.0110089085247
35 942.0 0.068226262041
36 7219.0 0.522850727892
37 1173.0 0.0849569059173
38 6257.0 0.453175925255
39 1049.0 0.0759759542261
40 2477.0 0.179401752734
41 539.0 0.0390381690447
42 650.0 0.0470775693489
43 943.0 0.0682986890708
44 2456.0 0.177880785109
45 2314.0 0.167596146882
46 284.0 0.020569276454
47 1293.0 0.0936481494894
48 2561.0 0.185485623235
49 1367.0 0.0990077496922
50 2231.0 0.161584703411
51 1007.0 0.0729340189759
52 283.0 0.0204968494242
53 378.0 0.0273774172521
54 0.0 0.0
55 62.0 0.00449047584559
56 2018.0 0.146157746071
57 119.0 0.00861881654233
58 3557.0 0.257622944883
59 2105.0 0.152458897661
60 2721.0 0.197073947997
61 13384.0 0.969363366408
62 812.0 0.0588107481712
63 1573.0 0.113927717824
64 13807.0 1.0
65 5543.0 0.401463026001
66 6717.0 0.486492358948
67 175.0 0.0126747302093
68 14.0 0.00101397841675
69 3737.0 0.270659810241
70 64.0 0.00463532990512
71 8386.0 0.60737307163
72 421.0 0.0304917795321
73 10063.0 0.72883320055
74 469.0 0.033968276961
75 245.0 0.017744622293
76 1241.0 0.0898819439415
77 2725.0 0.197363656116
78 2816.0 0.203954515825
79 2316.0 0.167741000942
80 2036.0 0.147461432607
81 1608.0 0.116462663866
82 1218.0 0.0882161222568
83 12491.0 0.904686028826
84 4507.0 0.326428623162
85 5.0 0.000362135148838
86 4032.0 0.292025784023
87 12.0 0.00086912435721
88 357.0 0.025856449627
89 299.0 0.0216556819005
90 176.0 0.0127471572391
91 59.0 0.00427319475628
92 28.0 0.00202795683349
93 1176.0 0.0851741870066
94 22.0 0.00159339465489
95 74.0 0.0053596002028
96 135.0 0.00977764901861
97 26.0 0.00188310277396
98 70.0 0.00506989208373
99 15.0 0.00108640544651
100 0.0 0.0
101 25.0 0.00181067574419
102 275.0 0.0199174331861
103 9.0 0.000651843267908
104 2.0 0.000144854059535
105 37.0 0.0026798001014
106 148.0 0.0107192004056
107 104.0 0.00753241109582
108 2787.0 0.201854131962
109 1489.0 0.107843847324
110 1132.0 0.0819873976968
111 303.0 0.0219453900196
112 250.0 0.0181067574419
113 147.0 0.0106467733758
